0 0.08777777777777777 0.7125 0.03777777777777778 0.045
1 0.12777777777777777 0.7108333333333333 0.042222222222222223 0.04833333333333333
2 0.17222222222222222 0.7116666666666667 0.051111111111111114 0.04666666666666667
3 0.22666666666666666 0.7133333333333334 0.057777777777777775 0.05
4 0.2833333333333333 0.7125 0.05555555555555555 0.04833333333333333
5 0.34 0.7116666666666667 0.057777777777777775 0.05
6 0.3977777777777778 0.7108333333333333 0.057777777777777775 0.04833333333333333
7 0.4577777777777778 0.7133333333333334 0.057777777777777775 0.04666666666666667
8 0.5133333333333333 0.71 0.06222222222222222 0.05
9 0.5722222222222222 0.71 0.05555555555555555 0.05
10 0.6244444444444445 0.7066666666666667 0.04888888888888889 0.05
11 0.6755555555555556 0.7083333333333334 0.05333333333333334 0.043333333333333335
12 0.7288888888888889 0.7091666666666666 0.05333333333333334 0.045
13 0.7844444444444445 0.71 0.057777777777777775 0.04666666666666667
14 0.84 0.7066666666666667 0.05333333333333334 0.04666666666666667
15 0.08333333333333333 0.755 0.042222222222222223 0.04666666666666667
16 0.12666666666666668 0.7591666666666667 0.04888888888888889 0.045
17 0.17222222222222222 0.7583333333333333 0.04666666666666667 0.04666666666666667
18 0.2222222222222222 0.7591666666666667 0.05333333333333334 0.04833333333333333
19 0.28444444444444444 0.7608333333333334 0.057777777777777775 0.045
20 0.3422222222222222 0.7608333333333334 0.06222222222222222 0.04833333333333333
21 0.4011111111111111 0.76 0.06 0.05
22 0.45555555555555555 0.7575 0.06222222222222222 0.04833333333333333
23 0.5155555555555555 0.7566666666666667 0.06222222222222222 0.05333333333333334
24 0.5755555555555556 0.7575 0.057777777777777775 0.04833333333333333
