0 0.0757238307349666 0.7533333333333333 0.053452115812917596 0.05
1 0.13140311804008908 0.7558333333333334 0.05790645879732739 0.051666666666666666
2 0.18596881959910913 0.7566666666666667 0.0645879732739421 0.05333333333333334
3 0.24610244988864144 0.7591666666666667 0.0556792873051225 0.051666666666666666
4 0.3051224944320713 0.7583333333333333 0.062360801781737196 0.05
5 0.36525612472160357 0.7575 0.05790645879732739 0.051666666666666666
6 0.4220489977728285 0.7566666666666667 0.060133630289532294 0.04666666666666667
7 0.477728285077951 0.7541666666666667 0.0556792873051225 0.041666666666666664
8 0.5334075723830735 0.7508333333333334 0.0556792873051225 0.045
9 0.589086859688196 0.7475 0.051224944320712694 0.041666666666666664
10 0.6391982182628062 0.7458333333333333 0.053452115812917596 0.041666666666666664
11 0.6959910913140311 0.7441666666666666 0.0556792873051225 0.045
12 0.7472160356347439 0.745 0.051224944320712694 0.05
13 0.7973273942093542 0.7408333333333333 0.053452115812917596 0.045
14 0.8496659242761693 0.7416666666666667 0.051224944320712694 0.043333333333333335
15 0.07461024498886415 0.8 0.051224944320712694 0.05
16 0.12694877505567928 0.8025 0.053452115812917596 0.051666666666666666
17 0.18485523385300667 0.8058333333333333 0.062360801781737196 0.055
18 0.24498886414253898 0.8066666666666666 0.053452115812917596 0.05333333333333334
19 0.3028953229398664 0.8066666666666666 0.062360801781737196 0.05
20 0.36525612472160357 0.8041666666666667 0.05790645879732739 0.045
21 0.4209354120267261 0.8025 0.062360801781737196 0.041666666666666664
22 0.4821826280623608 0.8008333333333333 0.060133630289532294 0.041666666666666664
23 0.534521158129176 0.7941666666666667 0.04899777282850779 0.03833333333333333
24 0.5902004454342984 0.7925 0.053452115812917596 0.045
