0 0.05333333333333334 0.7691666666666667 0.044444444444444446 0.058333333333333334
1 0.09888888888888889 0.7733333333333333 0.04666666666666667 0.05333333333333334
2 0.1511111111111111 0.7775 0.057777777777777775 0.058333333333333334
3 0.21555555555555556 0.7816666666666666 0.06222222222222222 0.05333333333333334
4 0.2777777777777778 0.78 0.06222222222222222 0.05333333333333334
5 0.3388888888888889 0.7791666666666667 0.06444444444444444 0.051666666666666666
7 0.4022222222222222 0.7758333333333334 0.057777777777777775 0.051666666666666666
7 0.46 0.7733333333333333 0.06222222222222222 0.05
8 0.5188888888888888 0.7725 0.05555555555555555 0.04833333333333333
9 0.5744444444444444 0.7708333333333334 0.051111111111111114 0.045
10 0.6266666666666667 0.7666666666666667 0.057777777777777775 0.043333333333333335
11 0.6766666666666666 0.7625 0.04666666666666667 0.04833333333333333
12 0.7322222222222222 0.7608333333333334 0.05555555555555555 0.045
13 0.7833333333333333 0.7583333333333333 0.051111111111111114 0.043333333333333335
14 0.8322222222222222 0.7558333333333334 0.03777777777777778 0.041666666666666664
15 0.051111111111111114 0.8208333333333333 0.05333333333333334 0.058333333333333334
16 0.10111111111111111 0.8258333333333333 0.04666666666666667 0.055
17 0.15333333333333332 0.83 0.057777777777777775 0.05333333333333334
18 0.21333333333333335 0.8325 0.057777777777777775 0.051666666666666666
19 0.27444444444444444 0.8316666666666667 0.05555555555555555 0.05
20 0.33555555555555555 0.8291666666666667 0.06666666666666667 0.055
21 0.4 0.8266666666666667 0.06222222222222222 0.05
22 0.46 0.825 0.057777777777777775 0.05
23 0.52 0.82 0.06222222222222222 0.04666666666666667
24 0.5755555555555556 0.8166666666666667 0.05333333333333334 0.04666666666666667
