0 0.10777777777777778 0.7516666666666667 0.051111111111111114 0.056666666666666664
1 0.15777777777777777 0.7525 0.05333333333333334 0.055
2 0.21 0.7566666666666667 0.051111111111111114 0.04666666666666667
3 0.26555555555555554 0.7575 0.06 0.051666666666666666
4 0.3277777777777778 0.7558333333333334 0.06 0.051666666666666666
5 0.38666666666666666 0.755 0.057777777777777775 0.05
6 0.44555555555555554 0.755 0.06 0.04666666666666667
7 0.5044444444444445 0.7516666666666667 0.05333333333333334 0.05
8 0.5588888888888889 0.7483333333333333 0.05555555555555555 0.04666666666666667
9 0.6144444444444445 0.745 0.05555555555555555 0.04666666666666667
10 0.6644444444444444 0.7425 0.05333333333333334 0.041666666666666664
11 0.7155555555555555 0.7375 0.05333333333333334 0.04833333333333333
12 0.7644444444444445 0.7375 0.057777777777777775 0.045
13 0.8166666666666667 0.735 0.051111111111111114 0.043333333333333335
14 0.8633333333333333 0.7341666666666666 0.04666666666666667 0.03833333333333333
15 0.10555555555555556 0.7958333333333333 0.051111111111111114 0.051666666666666666
16 0.15444444444444444 0.7991666666666667 0.051111111111111114 0.045
17 0.21 0.8016666666666666 0.05555555555555555 0.05
18 0.2633333333333333 0.8058333333333333 0.05555555555555555 0.04833333333333333
19 0.3277777777777778 0.8058333333333333 0.06444444444444444 0.051666666666666666
20 0.3888888888888889 0.8041666666666667 0.06222222222222222 0.051666666666666666
21 0.44666666666666666 0.7991666666666667 0.06222222222222222 0.04833333333333333
22 0.5044444444444445 0.8016666666666666 0.057777777777777775 0.04666666666666667
23 0.56 0.7958333333333333 0.05333333333333334 0.045
24 0.6122222222222222 0.7908333333333334 0.06 0.04833333333333333
