0 0.09910913140311804 0.75 0.042316258351893093 0.05
1 0.14142538975501115 0.75 0.051224944320712694 0.056666666666666664
2 0.19933184855233854 0.7533333333333333 0.0556792873051225 0.05
3 0.25389755011135856 0.7558333333333334 0.05790645879732739 0.051666666666666666
4 0.3129175946547884 0.755 0.0645879732739421 0.04666666666666667
5 0.3730512249443207 0.7541666666666667 0.060133630289532294 0.04833333333333333
6 0.4287305122494432 0.7508333333333334 0.060133630289532294 0.051666666666666666
7 0.48775055679287305 0.75 0.05790645879732739 0.05
8 0.5467706013363028 0.7458333333333333 0.0556792873051225 0.04833333333333333
9 0.5979955456570156 0.7433333333333333 0.0467706013363029 0.04666666666666667
10 0.6447661469933185 0.7433333333333333 0.0467706013363029 0.043333333333333335
11 0.6937639198218263 0.7416666666666667 0.051224944320712694 0.043333333333333335
12 0.744988864142539 0.7375 0.0556792873051225 0.045
13 0.7962138084632516 0.7358333333333333 0.0467706013363029 0.03833333333333333
14 0.8418708240534521 0.7358333333333333 0.04899777282850779 0.03833333333333333
15 0.09799554565701558 0.7941666666666667 0.04899777282850779 0.04833333333333333
16 0.1492204899777283 0.7975 0.044543429844097995 0.051666666666666666
17 0.19487750556792874 0.8016666666666666 0.0556792873051225 0.05333333333333334
18 0.25389755011135856 0.8025 0.053452115812917596 0.04833333333333333
19 0.31403118040089084 0.8041666666666667 0.062360801781737196 0.04833333333333333
20 0.3741648106904232 0.8008333333333333 0.062360801781737196 0.045
21 0.4298440979955457 0.8008333333333333 0.05790645879732739 0.045
22 0.4888641425389755 0.7991666666666667 0.0556792873051225 0.045
23 0.5423162583518931 0.7916666666666666 0.0556792873051225 0.05
24 0.5946547884187082 0.7908333333333334 0.04899777282850779 0.041666666666666664
