0 0.12583518930957685 0.6966666666666667 0.0467706013363029 0.043333333333333335
1 0.1714922048997773 0.6975 0.04899777282850779 0.041666666666666664
2 0.22048997772828507 0.6966666666666667 0.053452115812917596 0.04666666666666667
3 0.2739420935412027 0.6991666666666667 0.053452115812917596 0.041666666666666664
4 0.3351893095768374 0.6991666666666667 0.0556792873051225 0.04833333333333333
5 0.3930957683741648 0.6958333333333333 0.0556792873051225 0.045
6 0.4465478841870824 0.6941666666666667 0.0556792873051225 0.041666666666666664
7 0.5022271714922049 0.6925 0.060133630289532294 0.045
8 0.5579064587973274 0.6891666666666667 0.051224944320712694 0.04833333333333333
9 0.6069042316258352 0.69 0.0556792873051225 0.05333333333333334
10 0.6570155902004454 0.6883333333333334 0.053452115812917596 0.04666666666666667
11 0.7082405345211581 0.6866666666666666 0.044543429844097995 0.04
12 0.7572383073496659 0.6833333333333333 0.053452115812917596 0.043333333333333335
13 0.8084632516703786 0.6841666666666667 0.04899777282850779 0.041666666666666664
14 0.8608017817371938 0.6825 0.051224944320712694 0.045
15 0.12138084632516703 0.7408333333333333 0.0467706013363029 0.04833333333333333
16 0.17260579064587972 0.7425 0.051224944320712694 0.04833333333333333
17 0.22160356347438753 0.7425 0.051224944320712694 0.04833333333333333
18 0.27616926503340755 0.7441666666666666 0.062360801781737196 0.04833333333333333
19 0.33407572383073497 0.7441666666666666 0.05790645879732739 0.045
20 0.3908685968819599 0.7416666666666667 0.060133630289532294 0.04666666666666667
21 0.4487750556792873 0.7416666666666667 0.0556792873051225 0.05
22 0.5044543429844098 0.7375 0.060133630289532294 0.045
23 0.5567928730512249 0.7358333333333333 0.05790645879732739 0.041666666666666664
24 0.6069042316258352 0.7333333333333333 0.0556792873051225 0.04
