0 0.06792873051224944 0.7283333333333334 0.051224944320712694 0.05
1 0.11469933184855234 0.7283333333333334 0.0467706013363029 0.05333333333333334
2 0.15924276169265034 0.7308333333333333 0.051224944320712694 0.051666666666666666
3 0.21937639198218262 0.7308333333333333 0.0556792873051225 0.04833333333333333
4 0.27728285077951004 0.7333333333333333 0.060133630289532294 0.04666666666666667
5 0.3351893095768374 0.7308333333333333 0.060133630289532294 0.04833333333333333
6 0.3897550111358575 0.73 0.053452115812917596 0.04666666666666667
7 0.44543429844098 0.7275 0.053452115812917596 0.045
8 0.5 0.7241666666666666 0.0467706013363029 0.04833333333333333
9 0.5489977728285078 0.7241666666666666 0.0556792873051225 0.045
10 0.6035634743875279 0.7216666666666667 0.04899777282850779 0.04666666666666667
11 0.6536748329621381 0.7225 0.060133630289532294 0.045
12 0.7115812917594655 0.7208333333333333 0.051224944320712694 0.045
13 0.7605790645879733 0.7208333333333333 0.051224944320712694 0.045
14 0.8106904231625836 0.7175 0.053452115812917596 0.04833333333333333
15 0.061247216035634745 0.775 0.0467706013363029 0.04666666666666667
16 0.11358574610244988 0.7766666666666666 0.04899777282850779 0.05
17 0.16369710467706014 0.7791666666666667 0.0467706013363029 0.041666666666666664
18 0.21492204899777284 0.7783333333333333 0.0556792873051225 0.04666666666666667
19 0.2750556792873051 0.7783333333333333 0.060133630289532294 0.04666666666666667
20 0.33296213808463254 0.7766666666666666 0.060133630289532294 0.04666666666666667
21 0.3897550111358575 0.775 0.05790645879732739 0.043333333333333335
22 0.44543429844098 0.7733333333333333 0.053452115812917596 0.043333333333333335
23 0.5 0.7716666666666666 0.051224944320712694 0.043333333333333335
24 0.5512249443207127 0.77 0.060133630289532294 0.043333333333333335
