0 0.06666666666666667 0.7683333333333333 0.05333333333333334 0.05
1 0.12444444444444444 0.7708333333333334 0.057777777777777775 0.051666666666666666
2 0.1811111111111111 0.7716666666666666 0.05555555555555555 0.05333333333333334
3 0.24222222222222223 0.775 0.06666666666666667 0.05333333333333334
4 0.30333333333333334 0.7733333333333333 0.06444444444444444 0.05
5 0.36444444444444446 0.7716666666666666 0.057777777777777775 0.05
6 0.4255555555555556 0.7683333333333333 0.06888888888888889 0.05
7 0.4888888888888889 0.7675 0.057777777777777775 0.051666666666666666
8 0.5455555555555556 0.7641666666666667 0.06 0.04833333333333333
9 0.6011111111111112 0.7633333333333333 0.06 0.04666666666666667
10 0.6588888888888889 0.76 0.06 0.05
11 0.7166666666666667 0.7583333333333333 0.05555555555555555 0.05
12 0.7688888888888888 0.7575 0.05333333333333334 0.04833333333333333
13 0.82 0.7558333333333334 0.04888888888888889 0.04833333333333333
14 0.8755555555555555 0.755 0.057777777777777775 0.04666666666666667
15 0.06666666666666667 0.8175 0.057777777777777775 0.051666666666666666
16 0.12 0.82 0.06222222222222222 0.05333333333333334
17 0.1811111111111111 0.8233333333333334 0.05555555555555555 0.05
18 0.2388888888888889 0.8225 0.06444444444444444 0.051666666666666666
19 0.30444444444444446 0.8241666666666667 0.06666666666666667 0.051666666666666666
20 0.36444444444444446 0.8225 0.06222222222222222 0.045
21 0.4266666666666667 0.8183333333333334 0.06666666666666667 0.04666666666666667
22 0.4866666666666667 0.8158333333333333 0.057777777777777775 0.04833333333333333
23 0.5455555555555556 0.815 0.06 0.05
24 0.6011111111111112 0.8125 0.06 0.045
