0 0.10579064587973273 0.7258333333333333 0.0467706013363029 0.04833333333333333
1 0.1514476614699332 0.7275 0.053452115812917596 0.051666666666666666
2 0.2026726057906459 0.7291666666666666 0.053452115812917596 0.051666666666666666
3 0.2561247216035635 0.7308333333333333 0.04899777282850779 0.045
4 0.30957683741648107 0.7308333333333333 0.05790645879732739 0.04833333333333333
5 0.3674832962138085 0.73 0.053452115812917596 0.04666666666666667
6 0.4198218262806236 0.73 0.0556792873051225 0.043333333333333335
7 0.46993318485523383 0.7258333333333333 0.05790645879732739 0.04833333333333333
8 0.5233853006681515 0.7258333333333333 0.053452115812917596 0.04833333333333333
9 0.5757238307349666 0.725 0.051224944320712694 0.04666666666666667
10 0.621380846325167 0.725 0.04899777282850779 0.043333333333333335
11 0.6737193763919822 0.7241666666666666 0.051224944320712694 0.041666666666666664
12 0.720489977728285 0.7208333333333333 0.051224944320712694 0.041666666666666664
13 0.7694877505567929 0.72 0.051224944320712694 0.03666666666666667
14 0.8195991091314031 0.715 0.04899777282850779 0.04666666666666667
15 0.10356347438752785 0.77 0.0467706013363029 0.04666666666666667
16 0.15256124721603564 0.7733333333333333 0.042316258351893093 0.04666666666666667
17 0.20044543429844097 0.7741666666666667 0.05790645879732739 0.04833333333333333
18 0.2561247216035635 0.775 0.05790645879732739 0.043333333333333335
19 0.3106904231625835 0.7758333333333334 0.0556792873051225 0.045
20 0.3674832962138085 0.7741666666666667 0.053452115812917596 0.045
21 0.4209354120267261 0.7708333333333334 0.053452115812917596 0.045
22 0.4766146993318486 0.7691666666666667 0.044543429844097995 0.041666666666666664
23 0.5256124721603563 0.7658333333333334 0.053452115812917596 0.041666666666666664
24 0.5757238307349666 0.765 0.0556792873051225 0.04
