0 0.10333333333333333 0.7033333333333334 0.04666666666666667 0.023333333333333334
1 0.15444444444444444 0.7041666666666667 0.051111111111111114 0.021666666666666667
2 0.2111111111111111 0.7041666666666667 0.05333333333333334 0.025
3 0.2733333333333333 0.7058333333333333 0.06222222222222222 0.025
4 0.33444444444444443 0.7066666666666667 0.05555555555555555 0.023333333333333334
5 0.3933333333333333 0.7058333333333333 0.05333333333333334 0.025
6 0.45444444444444443 0.705 0.05555555555555555 0.02666666666666667
7 0.5122222222222222 0.705 0.05555555555555555 0.02666666666666667
8 0.5688888888888889 0.7033333333333334 0.05333333333333334 0.023333333333333334
9 0.6244444444444445 0.705 0.057777777777777775 0.02666666666666667
10 0.6844444444444444 0.7033333333333334 0.05333333333333334 0.023333333333333334
11 0.74 0.705 0.057777777777777775 0.023333333333333334
12 0.7966666666666666 0.705 0.05555555555555555 0.023333333333333334
13 0.8511111111111112 0.7033333333333334 0.05333333333333334 0.023333333333333334
14 0.9088888888888889 0.7041666666666667 0.05333333333333334 0.021666666666666667
15 0.10111111111111111 0.7516666666666667 0.051111111111111114 0.02666666666666667
16 0.15444444444444444 0.7533333333333333 0.04666666666666667 0.023333333333333334
17 0.2088888888888889 0.755 0.05333333333333334 0.023333333333333334
18 0.27 0.7541666666666667 0.05555555555555555 0.025
19 0.3322222222222222 0.7541666666666667 0.05555555555555555 0.028333333333333332
20 0.3933333333333333 0.755 0.05333333333333334 0.02666666666666667
21 0.4533333333333333 0.7541666666666667 0.06222222222222222 0.025
22 0.5111111111111111 0.7525 0.05333333333333334 0.025
23 0.5688888888888889 0.7525 0.057777777777777775 0.021666666666666667
24 0.6277777777777778 0.7533333333333333 0.05555555555555555 0.023333333333333334
