0 0.09688195991091314 0.7325 0.051224944320712694 0.025
1 0.14699331848552338 0.7358333333333333 0.04899777282850779 0.021666666666666667
2 0.20044543429844097 0.735 0.05790645879732739 0.023333333333333334
3 0.2561247216035635 0.7341666666666666 0.04899777282850779 0.025
4 0.30957683741648107 0.735 0.053452115812917596 0.02666666666666667
5 0.366369710467706 0.7333333333333333 0.051224944320712694 0.02
6 0.41759465478841873 0.7325 0.051224944320712694 0.025
7 0.46993318485523383 0.7325 0.053452115812917596 0.021666666666666667
7 0.5244988864142539 0.7308333333333333 0.051224944320712694 0.025
9 0.5757238307349666 0.7291666666666666 0.0556792873051225 0.025
10 0.6280623608017817 0.7283333333333334 0.053452115812917596 0.023333333333333334
11 0.6815144766146993 0.7275 0.053452115812917596 0.025
12 0.7305122494432071 0.7258333333333333 0.04899777282850779 0.021666666666666667
13 0.7806236080178174 0.725 0.0556792873051225 0.023333333333333334
14 0.8307349665924276 0.7216666666666667 0.04899777282850779 0.023333333333333334
15 0.09688195991091314 0.7775 0.051224944320712694 0.025
16 0.14810690423162584 0.7775 0.0467706013363029 0.025
17 0.19933184855233854 0.7791666666666667 0.0556792873051225 0.021666666666666667
18 0.25501113585746105 0.78 0.0556792873051225 0.023333333333333334
19 0.30846325167037864 0.7783333333333333 0.0556792873051225 0.023333333333333334
20 0.36525612472160357 0.7783333333333333 0.053452115812917596 0.023333333333333334
21 0.41648106904231624 0.7766666666666666 0.053452115812917596 0.023333333333333334
22 0.47216035634743875 0.7758333333333334 0.053452115812917596 0.021666666666666667
23 0.5256124721603563 0.7741666666666667 0.053452115812917596 0.018333333333333333
24 0.576837416481069 0.7716666666666666 0.04899777282850779 0.02
