0 0.05790645879732739 0.7441666666666666 0.04899777282850779 0.021666666666666667
1 0.1091314031180401 0.7441666666666666 0.04899777282850779 0.021666666666666667
2 0.16258351893095768 0.7466666666666667 0.04899777282850779 0.023333333333333334
3 0.21714922048997773 0.7466666666666667 0.0556792873051225 0.02
4 0.27616926503340755 0.7466666666666667 0.053452115812917596 0.023333333333333334
5 0.33296213808463254 0.7458333333333333 0.0556792873051225 0.025
6 0.3897550111358575 0.7425 0.053452115812917596 0.021666666666666667
7 0.4443207126948775 0.7416666666666667 0.0467706013363029 0.023333333333333334
8 0.4977728285077951 0.7408333333333333 0.042316258351893093 0.021666666666666667
9 0.5456570155902004 0.7391666666666666 0.044543429844097995 0.021666666666666667
10 0.5946547884187082 0.7383333333333333 0.04899777282850779 0.02
11 0.6447661469933185 0.7366666666666667 0.0467706013363029 0.016666666666666666
12 0.6926503340757239 0.7341666666666666 0.044543429844097995 0.018333333333333333
13 0.7427616926503341 0.735 0.0467706013363029 0.016666666666666666
14 0.7884187082405345 0.7316666666666667 0.0400890868596882 0.016666666666666666
15 0.0556792873051225 0.7875 0.044543429844097995 0.025
16 0.10356347438752785 0.79 0.051224944320712694 0.023333333333333334
17 0.15924276169265034 0.7925 0.051224944320712694 0.021666666666666667
18 0.21714922048997773 0.7941666666666667 0.0556792873051225 0.021666666666666667
19 0.2739420935412027 0.7941666666666667 0.05790645879732739 0.021666666666666667
20 0.3351893095768374 0.7925 0.051224944320712694 0.021666666666666667
21 0.388641425389755 0.79 0.0556792873051225 0.02666666666666667
22 0.4443207126948775 0.79 0.0556792873051225 0.02
23 0.4977728285077951 0.785 0.051224944320712694 0.02
24 0.5456570155902004 0.7833333333333333 0.04899777282850779 0.02
