0 0.06666666666666667 0.755 0.04888888888888889 0.023333333333333334
1 0.12333333333333334 0.7591666666666667 0.05555555555555555 0.025
2 0.17888888888888888 0.7591666666666667 0.06 0.025
3 0.2411111111111111 0.7608333333333334 0.06 0.028333333333333332
4 0.3022222222222222 0.7616666666666667 0.05333333333333334 0.023333333333333334
5 0.3611111111111111 0.7608333333333334 0.05555555555555555 0.018333333333333333
6 0.42 0.7591666666666667 0.057777777777777775 0.025
7 0.48 0.7583333333333333 0.05333333333333334 0.023333333333333334
8 0.5333333333333333 0.7575 0.05333333333333334 0.021666666666666667
9 0.5877777777777777 0.755 0.05555555555555555 0.023333333333333334
10 0.6433333333333333 0.755 0.051111111111111114 0.02
11 0.6977777777777778 0.755 0.05333333333333334 0.02
12 0.7511111111111111 0.7541666666666667 0.04888888888888889 0.025
13 0.8044444444444444 0.7516666666666667 0.057777777777777775 0.02666666666666667
14 0.8566666666666667 0.7516666666666667 0.051111111111111114 0.023333333333333334
15 0.06222222222222222 0.8041666666666667 0.05333333333333334 0.025
16 0.11777777777777777 0.8058333333333333 0.057777777777777775 0.028333333333333332
17 0.17555555555555555 0.8083333333333333 0.057777777777777775 0.02666666666666667
18 0.23555555555555555 0.81 0.06222222222222222 0.023333333333333334
19 0.29888888888888887 0.8091666666666667 0.06 0.025
20 0.35888888888888887 0.8091666666666667 0.05555555555555555 0.021666666666666667
21 0.4177777777777778 0.8066666666666666 0.057777777777777775 0.023333333333333334
22 0.4766666666666667 0.805 0.05555555555555555 0.023333333333333334
23 0.5322222222222223 0.8033333333333333 0.06 0.023333333333333334
24 0.5877777777777777 0.8033333333333333 0.05555555555555555 0.023333333333333334
