0 0.05333333333333334 0.7833333333333333 0.044444444444444446 0.03
1 0.10111111111111111 0.7866666666666666 0.04666666666666667 0.02666666666666667
2 0.15222222222222223 0.7908333333333334 0.06 0.028333333333333332
3 0.21555555555555556 0.7925 0.057777777777777775 0.028333333333333332
4 0.27555555555555555 0.7916666666666666 0.06222222222222222 0.023333333333333334
5 0.3388888888888889 0.7916666666666666 0.06 0.023333333333333334
6 0.4011111111111111 0.7866666666666666 0.06 0.023333333333333334
7 0.4622222222222222 0.7841666666666667 0.057777777777777775 0.021666666666666667
8 0.5155555555555555 0.7833333333333333 0.05333333333333334 0.023333333333333334
9 0.5733333333333334 0.7783333333333333 0.05333333333333334 0.023333333333333334
10 0.6277777777777778 0.7758333333333334 0.051111111111111114 0.025
11 0.68 0.7725 0.044444444444444446 0.021666666666666667
12 0.7333333333333333 0.7716666666666666 0.04888888888888889 0.023333333333333334
13 0.7833333333333333 0.7666666666666667 0.04666666666666667 0.023333333333333334
14 0.83 0.765 0.042222222222222223 0.023333333333333334
15 0.052222222222222225 0.8316666666666667 0.04666666666666667 0.03
16 0.09777777777777778 0.8375 0.04888888888888889 0.028333333333333332
17 0.14888888888888888 0.84 0.05333333333333334 0.02666666666666667
18 0.2111111111111111 0.8433333333333334 0.06222222222222222 0.023333333333333334
19 0.27555555555555555 0.8416666666666667 0.06222222222222222 0.02666666666666667
20 0.3377777777777778 0.8425 0.06222222222222222 0.028333333333333332
21 0.4011111111111111 0.8408333333333333 0.06 0.021666666666666667
23 0.4588888888888889 0.8358333333333333 0.05555555555555555 0.025
23 0.5155555555555555 0.8308333333333333 0.05333333333333334 0.025
24 0.5733333333333334 0.8275 0.057777777777777775 0.021666666666666667
