0 0.044543429844097995 0.6633333333333333 0.04899777282850779 0.023333333333333334
1 0.09465478841870824 0.6641666666666667 0.0467706013363029 0.025
2 0.1514476614699332 0.6641666666666667 0.053452115812917596 0.021666666666666667
3 0.2071269487750557 0.6633333333333333 0.053452115812917596 0.023333333333333334
4 0.2661469933184855 0.6616666666666666 0.060133630289532294 0.023333333333333334
5 0.3262806236080178 0.6633333333333333 0.051224944320712694 0.02
6 0.38530066815144765 0.6616666666666666 0.053452115812917596 0.023333333333333334
7 0.44097995545657015 0.6608333333333334 0.04899777282850779 0.025
8 0.4922048997772829 0.6625 0.053452115812917596 0.021666666666666667
9 0.5478841870824054 0.6625 0.053452115812917596 0.021666666666666667
10 0.5991091314031181 0.6608333333333334 0.04899777282850779 0.021666666666666667
11 0.6536748329621381 0.6625 0.051224944320712694 0.021666666666666667
12 0.7048997772828508 0.6616666666666666 0.051224944320712694 0.023333333333333334
13 0.7572383073496659 0.6625 0.053452115812917596 0.025
14 0.8106904231625836 0.6625 0.044543429844097995 0.018333333333333333
15 0.044543429844097995 0.7091666666666666 0.044543429844097995 0.021666666666666667
16 0.0935412026726058 0.7091666666666666 0.04899777282850779 0.021666666666666667
17 0.14810690423162584 0.7091666666666666 0.051224944320712694 0.021666666666666667
18 0.20489977728285078 0.7083333333333334 0.05790645879732739 0.023333333333333334
19 0.26169265033407574 0.7075 0.0556792873051225 0.021666666666666667
20 0.32516703786191536 0.71 0.053452115812917596 0.02
21 0.3819599109131403 0.71 0.0556792873051225 0.023333333333333334
22 0.4398663697104677 0.7066666666666667 0.0556792873051225 0.023333333333333334
23 0.4955456570155902 0.7066666666666667 0.0467706013363029 0.02
24 0.5501113585746102 0.705 0.04899777282850779 0.02
