0 0.066815144766147 0.7391666666666666 0.044543429844097995 0.025
1 0.11247216035634744 0.7408333333333333 0.051224944320712694 0.025
2 0.16481069042316257 0.7425 0.04899777282850779 0.021666666666666667
3 0.21937639198218262 0.74 0.0556792873051225 0.023333333333333334
4 0.27616926503340755 0.7408333333333333 0.05790645879732739 0.025
5 0.3351893095768374 0.74 0.0556792873051225 0.023333333333333334
6 0.39198218262806234 0.74 0.053452115812917596 0.02
7 0.4465478841870824 0.7383333333333333 0.0556792873051225 0.02
8 0.5011135857461024 0.7366666666666667 0.044543429844097995 0.02
9 0.5545657015590201 0.7358333333333333 0.04899777282850779 0.021666666666666667
10 0.6024498886414253 0.7333333333333333 0.0467706013363029 0.023333333333333334
11 0.6592427616926503 0.7316666666666667 0.04899777282850779 0.023333333333333334
12 0.7093541202672605 0.7308333333333333 0.0467706013363029 0.021666666666666667
13 0.7639198218262806 0.7291666666666666 0.053452115812917596 0.018333333333333333
14 0.8151447661469933 0.7275 0.04899777282850779 0.025
15 0.061247216035634745 0.7833333333333333 0.0467706013363029 0.023333333333333334
16 0.11024498886414254 0.785 0.051224944320712694 0.02666666666666667
17 0.16369710467706014 0.7875 0.051224944320712694 0.021666666666666667
18 0.2182628062360802 0.7866666666666666 0.053452115812917596 0.023333333333333334
19 0.27616926503340755 0.7875 0.053452115812917596 0.025
20 0.33296213808463254 0.7858333333333334 0.0556792873051225 0.025
21 0.3908685968819599 0.7841666666666667 0.0467706013363029 0.021666666666666667
22 0.4443207126948775 0.7825 0.0556792873051225 0.025
23 0.4977728285077951 0.7816666666666666 0.051224944320712694 0.023333333333333334
24 0.5523385300668151 0.7775 0.05790645879732739 0.021666666666666667
