0 0.07111111111111111 0.7758333333333334 0.04888888888888889 0.025
1 0.12666666666666668 0.7775 0.057777777777777775 0.025
2 0.18777777777777777 0.7791666666666667 0.06 0.025
3 0.2577777777777778 0.7783333333333333 0.06222222222222222 0.023333333333333334
4 0.31666666666666665 0.7766666666666666 0.05555555555555555 0.023333333333333334
5 0.37333333333333335 0.7775 0.05333333333333334 0.021666666666666667
6 0.44 0.7766666666666666 0.057777777777777775 0.023333333333333334
7 0.49666666666666665 0.7725 0.05555555555555555 0.025
8 0.5533333333333333 0.77 0.05333333333333334 0.023333333333333334
9 0.6066666666666667 0.7658333333333334 0.05333333333333334 0.021666666666666667
10 0.66 0.765 0.05333333333333334 0.023333333333333334
11 0.7155555555555555 0.7625 0.05333333333333334 0.021666666666666667
12 0.7677777777777778 0.7591666666666667 0.051111111111111114 0.025
13 0.8211111111111111 0.7583333333333333 0.04666666666666667 0.02
14 0.8711111111111111 0.755 0.04888888888888889 0.02
15 0.06888888888888889 0.8266666666666667 0.05333333333333334 0.023333333333333334
16 0.12444444444444444 0.8283333333333334 0.04888888888888889 0.023333333333333334
17 0.18444444444444444 0.8291666666666667 0.06222222222222222 0.028333333333333332
18 0.25 0.83 0.06444444444444444 0.02666666666666667
19 0.31444444444444447 0.8291666666666667 0.06 0.028333333333333332
20 0.37777777777777777 0.8258333333333333 0.057777777777777775 0.025
21 0.4388888888888889 0.8241666666666667 0.06 0.028333333333333332
22 0.49777777777777776 0.8191666666666667 0.05333333333333334 0.025
23 0.5511111111111111 0.8158333333333333 0.05333333333333334 0.025
24 0.6066666666666667 0.8108333333333333 0.05333333333333334 0.025
