0 0.06888888888888889 0.7091666666666666 0.04888888888888889 0.025
1 0.12222222222222222 0.7091666666666666 0.04888888888888889 0.021666666666666667
2 0.17777777777777778 0.71 0.057777777777777775 0.023333333333333334
3 0.24 0.7091666666666666 0.057777777777777775 0.025
4 0.3022222222222222 0.71 0.057777777777777775 0.02666666666666667
5 0.36333333333333334 0.7091666666666666 0.05555555555555555 0.025
6 0.4222222222222222 0.7075 0.057777777777777775 0.021666666666666667
7 0.4777777777777778 0.7083333333333334 0.057777777777777775 0.023333333333333334
8 0.5377777777777778 0.7066666666666667 0.057777777777777775 0.023333333333333334
9 0.5944444444444444 0.7058333333333333 0.04666666666666667 0.021666666666666667
10 0.6466666666666666 0.7066666666666667 0.05333333333333334 0.023333333333333334
11 0.7044444444444444 0.705 0.05333333333333334 0.02
12 0.76 0.7041666666666667 0.05333333333333334 0.025
13 0.8177777777777778 0.7058333333333333 0.05333333333333334 0.021666666666666667
14 0.87 0.7033333333333334 0.051111111111111114 0.023333333333333334
15 0.06111111111111111 0.7583333333333333 0.051111111111111114 0.023333333333333334
16 0.11666666666666667 0.7591666666666667 0.05555555555555555 0.025
17 0.17555555555555555 0.7583333333333333 0.057777777777777775 0.02666666666666667
18 0.23777777777777778 0.7608333333333334 0.06222222222222222 0.021666666666666667
19 0.29777777777777775 0.76 0.06222222222222222 0.023333333333333334
20 0.35888888888888887 0.7575 0.05555555555555555 0.025
21 0.4177777777777778 0.7566666666666667 0.057777777777777775 0.023333333333333334
22 0.4777777777777778 0.755 0.05333333333333334 0.023333333333333334
23 0.5366666666666666 0.7541666666666667 0.05555555555555555 0.025
24 0.5922222222222222 0.7541666666666667 0.05555555555555555 0.021666666666666667
