0 0.15701559020044542 0.6783333333333333 0.042316258351893093 0.02
1 0.2026726057906459 0.6775 0.044543429844097995 0.025
2 0.2505567928730512 0.6775 0.0467706013363029 0.021666666666666667
3 0.30178173719376394 0.6783333333333333 0.051224944320712694 0.023333333333333334
4 0.3585746102449889 0.6783333333333333 0.053452115812917596 0.02666666666666667
5 0.410913140311804 0.6783333333333333 0.0556792873051225 0.02
6 0.4688195991091314 0.6783333333333333 0.051224944320712694 0.023333333333333334
7 0.5233853006681515 0.675 0.04899777282850779 0.023333333333333334
8 0.5757238307349666 0.6766666666666666 0.051224944320712694 0.023333333333333334
9 0.6258351893095768 0.6775 0.04899777282850779 0.018333333333333333
10 0.6792873051224945 0.6775 0.04899777282850779 0.021666666666666667
11 0.7271714922048997 0.6766666666666666 0.051224944320712694 0.02
12 0.779510022271715 0.6758333333333333 0.044543429844097995 0.021666666666666667
13 0.8296213808463252 0.675 0.0467706013363029 0.02
14 0.8797327394209354 0.6758333333333333 0.04899777282850779 0.021666666666666667
15 0.15367483296213807 0.7191666666666666 0.044543429844097995 0.021666666666666667
16 0.19933184855233854 0.7225 0.042316258351893093 0.021666666666666667
17 0.24832962138084633 0.725 0.0467706013363029 0.023333333333333334
18 0.30066815144766146 0.7225 0.053452115812917596 0.025
19 0.3574610244988864 0.7241666666666666 0.0556792873051225 0.028333333333333332
20 0.4142538975501114 0.7233333333333334 0.053452115812917596 0.023333333333333334
21 0.4688195991091314 0.7233333333333334 0.0556792873051225 0.023333333333333334
22 0.5256124721603563 0.7225 0.04899777282850779 0.021666666666666667
23 0.576837416481069 0.7225 0.044543429844097995 0.021666666666666667
24 0.6269487750556793 0.7208333333333333 0.051224944320712694 0.025
