0 0.09910913140311804 0.7591666666666667 0.051224944320712694 0.025
1 0.14699331848552338 0.76 0.044543429844097995 0.023333333333333334
2 0.19821826280623608 0.7625 0.05790645879732739 0.025
3 0.2572383073496659 0.765 0.051224944320712694 0.023333333333333334
4 0.31403118040089084 0.7666666666666667 0.05790645879732739 0.023333333333333334
5 0.37193763919821826 0.765 0.053452115812917596 0.023333333333333334
6 0.43207126948775054 0.7616666666666667 0.053452115812917596 0.023333333333333334
7 0.4888641425389755 0.76 0.0556792873051225 0.023333333333333334
8 0.544543429844098 0.7575 0.051224944320712694 0.021666666666666667
9 0.5957683741648107 0.7533333333333333 0.051224944320712694 0.023333333333333334
10 0.6458797327394209 0.7533333333333333 0.04899777282850779 0.02
11 0.6959910913140311 0.75 0.0467706013363029 0.023333333333333334
12 0.7472160356347439 0.7466666666666667 0.051224944320712694 0.02
13 0.7973273942093542 0.7458333333333333 0.044543429844097995 0.021666666666666667
14 0.8429844097995546 0.7425 0.0467706013363029 0.021666666666666667
15 0.0957683741648107 0.8033333333333333 0.04899777282850779 0.02666666666666667
16 0.1447661469933185 0.8091666666666667 0.04899777282850779 0.025
17 0.19710467706013363 0.81 0.0556792873051225 0.023333333333333334
18 0.25389755011135856 0.8116666666666666 0.05790645879732739 0.023333333333333334
19 0.311804008908686 0.8133333333333334 0.05790645879732739 0.023333333333333334
20 0.37193763919821826 0.8125 0.05790645879732739 0.021666666666666667
21 0.4298440979955457 0.81 0.05790645879732739 0.02666666666666667
22 0.4910913140311804 0.8075 0.051224944320712694 0.018333333333333333
23 0.5434298440979956 0.8033333333333333 0.04899777282850779 0.02
24 0.5957683741648107 0.7991666666666667 0.051224944320712694 0.021666666666666667
