0 0.12806236080178174 0.7208333333333333 0.0378619153674833 0.025
1 0.1714922048997773 0.7225 0.0400890868596882 0.025
2 0.21937639198218262 0.725 0.051224944320712694 0.023333333333333334
3 0.27616926503340755 0.725 0.05790645879732739 0.02666666666666667
4 0.33407572383073497 0.725 0.053452115812917596 0.02666666666666667
5 0.3930957683741648 0.7241666666666666 0.051224944320712694 0.025
6 0.44766146993318484 0.7225 0.05790645879732739 0.028333333333333332
7 0.5055679287305123 0.7208333333333333 0.053452115812917596 0.021666666666666667
8 0.5623608017817372 0.7183333333333334 0.051224944320712694 0.023333333333333334
9 0.6124721603563474 0.715 0.053452115812917596 0.023333333333333334
10 0.6614699331848553 0.7141666666666666 0.04899777282850779 0.025
11 0.7115812917594655 0.71 0.0467706013363029 0.023333333333333334
12 0.7605790645879733 0.7083333333333334 0.051224944320712694 0.02
13 0.8095768374164811 0.7066666666666667 0.0467706013363029 0.023333333333333334
14 0.8596881959910914 0.705 0.044543429844097995 0.023333333333333334
15 0.13140311804008908 0.7658333333333334 0.035634743875278395 0.028333333333333332
16 0.1714922048997773 0.7691666666666667 0.035634743875278395 0.025
17 0.22048997772828507 0.7716666666666666 0.04899777282850779 0.023333333333333334
18 0.2728285077951002 0.7725 0.051224944320712694 0.025
19 0.33184855233853006 0.7733333333333333 0.05790645879732739 0.02666666666666667
20 0.39198218262806234 0.7733333333333333 0.053452115812917596 0.023333333333333334
21 0.44988864142538976 0.7691666666666667 0.05790645879732739 0.021666666666666667
22 0.5055679287305123 0.7675 0.053452115812917596 0.025
23 0.5612472160356348 0.7633333333333333 0.04899777282850779 0.023333333333333334
24 0.6124721603563474 0.7608333333333334 0.04899777282850779 0.025
