0 0.13444444444444445 0.6833333333333333 0.03777777777777778 0.02
1 0.17666666666666667 0.6833333333333333 0.04666666666666667 0.02
2 0.22555555555555556 0.6841666666666667 0.051111111111111114 0.025
3 0.28 0.6825 0.05333333333333334 0.025
4 0.3333333333333333 0.6825 0.057777777777777775 0.021666666666666667
5 0.3888888888888889 0.68 0.05333333333333334 0.023333333333333334
6 0.44222222222222224 0.6816666666666666 0.05333333333333334 0.02
7 0.49333333333333335 0.68 0.05333333333333334 0.016666666666666666
8 0.5466666666666666 0.68 0.04888888888888889 0.023333333333333334
9 0.5955555555555555 0.6775 0.04888888888888889 0.018333333333333333
10 0.6433333333333333 0.6766666666666666 0.04666666666666667 0.02
11 0.6944444444444444 0.6741666666666667 0.04666666666666667 0.021666666666666667
12 0.7422222222222222 0.6758333333333333 0.044444444444444446 0.018333333333333333
13 0.7888888888888889 0.675 0.04888888888888889 0.023333333333333334
14 0.8366666666666667 0.6758333333333333 0.04666666666666667 0.018333333333333333
15 0.13111111111111112 0.7241666666666666 0.044444444444444446 0.021666666666666667
16 0.17777777777777778 0.7258333333333333 0.044444444444444446 0.021666666666666667
17 0.22333333333333333 0.7275 0.051111111111111114 0.021666666666666667
18 0.28 0.7266666666666667 0.05333333333333334 0.023333333333333334
19 0.33444444444444443 0.7275 0.051111111111111114 0.021666666666666667
20 0.38666666666666666 0.725 0.05333333333333334 0.02
21 0.44333333333333336 0.7233333333333334 0.04666666666666667 0.02
22 0.49666666666666665 0.7241666666666666 0.04666666666666667 0.021666666666666667
23 0.5477777777777778 0.7225 0.042222222222222223 0.025
24 0.6011111111111112 0.7225 0.04666666666666667 0.021666666666666667
