0 0.08555555555555555 0.7683333333333333 0.042222222222222223 0.02666666666666667
1 0.13111111111111112 0.7716666666666666 0.04888888888888889 0.023333333333333334
2 0.18222222222222223 0.7758333333333334 0.05333333333333334 0.025
3 0.2411111111111111 0.7783333333333333 0.05555555555555555 0.02666666666666667
4 0.30444444444444446 0.78 0.06222222222222222 0.02666666666666667
5 0.36666666666666664 0.78 0.06222222222222222 0.023333333333333334
6 0.42777777777777776 0.7775 0.06 0.025
7 0.49 0.775 0.06444444444444444 0.023333333333333334
8 0.55 0.7708333333333334 0.06 0.025
9 0.6077777777777778 0.7691666666666667 0.05555555555555555 0.028333333333333332
10 0.6611111111111111 0.7658333333333334 0.04666666666666667 0.025
11 0.7155555555555555 0.7658333333333334 0.05333333333333334 0.025
12 0.77 0.7616666666666667 0.05555555555555555 0.023333333333333334
13 0.82 0.76 0.04888888888888889 0.023333333333333334
14 0.8744444444444445 0.7566666666666667 0.051111111111111114 0.023333333333333334
15 0.08222222222222222 0.8158333333333333 0.04 0.025
16 0.1288888888888889 0.8233333333333334 0.044444444444444446 0.02666666666666667
17 0.18 0.8275 0.05333333333333334 0.025
18 0.23777777777777778 0.8283333333333334 0.057777777777777775 0.02666666666666667
19 0.3 0.8308333333333333 0.06222222222222222 0.028333333333333332
20 0.36444444444444446 0.83 0.06666666666666667 0.02666666666666667
21 0.42777777777777776 0.8266666666666667 0.06 0.02666666666666667
22 0.48777777777777775 0.8241666666666667 0.06444444444444444 0.028333333333333332
23 0.5511111111111111 0.82 0.057777777777777775 0.02666666666666667
24 0.6077777777777778 0.8183333333333334 0.04666666666666667 0.02666666666666667
