0 0.10801781737193764 0.7358333333333333 0.0467706013363029 0.025
1 0.15256124721603564 0.7391666666666666 0.0467706013363029 0.021666666666666667
2 0.20378619153674832 0.74 0.051224944320712694 0.023333333333333334
3 0.2561247216035635 0.7408333333333333 0.053452115812917596 0.021666666666666667
4 0.3106904231625835 0.74 0.0467706013363029 0.023333333333333334
5 0.36525612472160357 0.7391666666666666 0.04899777282850779 0.021666666666666667
6 0.4220489977728285 0.7366666666666667 0.051224944320712694 0.02
7 0.4710467706013363 0.7366666666666667 0.051224944320712694 0.02
8 0.522271714922049 0.735 0.0467706013363029 0.02
9 0.5757238307349666 0.7325 0.0467706013363029 0.021666666666666667
10 0.6247216035634744 0.7325 0.0467706013363029 0.018333333333333333
11 0.6737193763919822 0.7308333333333333 0.0467706013363029 0.021666666666666667
12 0.72271714922049 0.73 0.042316258351893093 0.02
13 0.7706013363028953 0.7291666666666666 0.04899777282850779 0.018333333333333333
14 0.8184855233853007 0.7266666666666667 0.042316258351893093 0.016666666666666666
15 0.10244988864142539 0.7808333333333334 0.044543429844097995 0.021666666666666667
16 0.1492204899777283 0.7825 0.04899777282850779 0.021666666666666667
17 0.20044543429844097 0.7833333333333333 0.04899777282850779 0.02
18 0.2561247216035635 0.785 0.053452115812917596 0.023333333333333334
19 0.30734966592427615 0.785 0.053452115812917596 0.023333333333333334
20 0.36525612472160357 0.7833333333333333 0.053452115812917596 0.02
21 0.4209354120267261 0.7825 0.04899777282850779 0.021666666666666667
22 0.47216035634743875 0.7816666666666666 0.04899777282850779 0.016666666666666666
23 0.5244988864142539 0.7775 0.051224944320712694 0.018333333333333333
24 0.5734966592427617 0.775 0.0467706013363029 0.02
