0 0.12806236080178174 0.7616666666666667 0.0467706013363029 0.02666666666666667
1 0.17483296213808464 0.7616666666666667 0.0467706013363029 0.02
2 0.22271714922049 0.7633333333333333 0.04899777282850779 0.023333333333333334
3 0.27616926503340755 0.765 0.062360801781737196 0.02666666666666667
4 0.33853006681514475 0.7641666666666667 0.05790645879732739 0.025
5 0.39643652561247217 0.7641666666666667 0.053452115812917596 0.021666666666666667
6 0.455456570155902 0.7625 0.051224944320712694 0.025
7 0.5089086859688196 0.76 0.051224944320712694 0.023333333333333334
8 0.5612472160356348 0.7591666666666667 0.053452115812917596 0.025
9 0.6135857461024499 0.7583333333333333 0.0556792873051225 0.02666666666666667
10 0.6659242761692651 0.7541666666666667 0.053452115812917596 0.025
11 0.7171492204899778 0.7541666666666667 0.044543429844097995 0.025
12 0.7683741648106904 0.7516666666666667 0.04899777282850779 0.023333333333333334
13 0.8173719376391982 0.7516666666666667 0.04899777282850779 0.023333333333333334
14 0.8674832962138085 0.75 0.051224944320712694 0.023333333333333334
15 0.12694877505567928 0.8075 0.0400890868596882 0.025
16 0.16926503340757237 0.8083333333333333 0.04899777282850779 0.02666666666666667
17 0.22160356347438753 0.8108333333333333 0.0556792873051225 0.021666666666666667
18 0.27728285077951004 0.8116666666666666 0.0556792873051225 0.02666666666666667
19 0.3374164810690423 0.8125 0.060133630289532294 0.025
20 0.3975501113585746 0.81 0.0556792873051225 0.023333333333333334
21 0.4532293986636971 0.8091666666666667 0.0556792873051225 0.021666666666666667
22 0.5100222717149221 0.8058333333333333 0.053452115812917596 0.021666666666666667
23 0.5623608017817372 0.8041666666666667 0.0467706013363029 0.021666666666666667
24 0.6124721603563474 0.8025 0.053452115812917596 0.025
