0 0.10555555555555556 0.7608333333333334 0.04666666666666667 0.025
1 0.15555555555555556 0.765 0.04888888888888889 0.02666666666666667
2 0.20777777777777778 0.7675 0.05555555555555555 0.021666666666666667
3 0.2677777777777778 0.7683333333333333 0.05555555555555555 0.023333333333333334
4 0.32666666666666666 0.7683333333333333 0.057777777777777775 0.023333333333333334
5 0.38666666666666666 0.765 0.057777777777777775 0.023333333333333334
6 0.4477777777777778 0.7641666666666667 0.06 0.021666666666666667
7 0.5044444444444445 0.7625 0.05333333333333334 0.021666666666666667
8 0.56 0.7591666666666667 0.05333333333333334 0.025
9 0.6122222222222222 0.755 0.051111111111111114 0.023333333333333334
10 0.6644444444444444 0.7533333333333333 0.04888888888888889 0.02
11 0.7144444444444444 0.7508333333333334 0.05555555555555555 0.021666666666666667
12 0.7666666666666667 0.7475 0.044444444444444446 0.021666666666666667
13 0.8177777777777778 0.7458333333333333 0.044444444444444446 0.021666666666666667
14 0.8633333333333333 0.7433333333333333 0.04666666666666667 0.02
15 0.10222222222222223 0.8075 0.044444444444444446 0.028333333333333332
16 0.15333333333333332 0.8108333333333333 0.05333333333333334 0.025
17 0.2088888888888889 0.8141666666666667 0.05333333333333334 0.025
18 0.26666666666666666 0.815 0.057777777777777775 0.023333333333333334
19 0.3277777777777778 0.815 0.06444444444444444 0.023333333333333334
20 0.3877777777777778 0.815 0.05555555555555555 0.023333333333333334
21 0.4477777777777778 0.8116666666666666 0.05555555555555555 0.023333333333333334
22 0.5077777777777778 0.8091666666666667 0.05555555555555555 0.025
23 0.56 0.805 0.04888888888888889 0.023333333333333334
24 0.6122222222222222 0.8025 0.05555555555555555 0.021666666666666667
